32654       32032          32          32          32          32          32
       32654       32032          32          32          32          32          32
       24800       27663          32          32          32          32          32
       32654       32032          32          32          32          32          32
       35834       20248       33021          32          32          32          32
       24800       27663          32          32          32          32          32
       32654       36190       33251          32          32          32          32
       38597       22521          32          32          32          32          32
       24800       27663          32          32          32          32          32
       24800       27663          32          32          32          32          32
       38597       22521          32          32          32          32          32
       35834       20248       33021          32          32          32          32
       24800       27663          32          32          32          32          32
       29233       20182       32654          32          32          32          32
       24800       27663          32          32          32          32          32
       32654       32032          32          32          32          32          32
       24800       27663          32          32          32          32          32
       29233       20182       32654          32          32          32          32
       38597       22521          32          32          32          32          32
       24800       27663          32          32          32          32          32
       32654       32032          32          32          32          32          32
       21512       29983       20803          32          32          32          32
       32654       36190       33251          32          32          32          32
       21512       29983       20803          32          32          32          32
       29233       30591       24800          32          32          32          32
       36125       22240       32654          32          32          32          32
       24800       27663          32          32          32          32          32
       38597       22521          32          32          32          32          32
       38597       22521          32          32          32          32          32
       36125       22240       32654          32          32          32          32
       22810       32654       28363          32          32          32          32
       36125       22240       32654          32          32          32          32
       24800       27663          32          32          32          32          32
       32654       36190       33251          32          32          32          32
       38597       22521          32          32          32          32          32
       36125       22240       32654          32          32          32          32
       35834       20248       33021          32          32          32          32
       21531       20048       23453          32          32          32          32
       38592       24034          32          32          32          32          32
       38592       24034          32          32          32          32          32
       36125       22240       32654          32          32          32          32
       38597       22521          32          32          32          32          32
       38597       22521          32          32          32          32          32
       32654       36190       33251          32          32          32          32
       38597       22521          32          32          32          32          32
       20234       21033          32          32          32          32          32
       38592       24034          32          32          32          32          32
       24800       27663          32          32          32          32          32
       24481       23453          32          32          32          32          32
       38597       22521          32          32          32          32          32
       36125       22240       32654          32          32          32          32
       24800       27663          32          32          32          32          32
       32654       36190       33251          32          32          32          32
       38597       22763       21033          32          32          32          32
       21531       20048       23453          32          32          32          32
       38597       22521          32          32          32          32          32
       22810       32654       28363          32          32          32          32
       21512       29983       20803          32          32          32          32
       21531       20048       23453          32          32          32          32
       24800       27663          32          32          32          32          32
       38597       22521          32          32          32          32          32
       20234       21033          32          32          32          32          32
       21512       29983       20803          32          32          32          32
       29305       31119       33452          32          32          32          32
       22307       20803          32          32          32          32          32
       21512       29983       20803          32          32          32          32
       38597       22763       21033          32          32          32          32
       20234       21033          32          32          32          32          32
       24800       27663          32          32          32          32          32
       23436       36798       23665          32          32          32          32
       20234       21033          32          32          32          32          32
       20339       36125       33406       29305          32          32          32
       21512       29983       20803          32          32          32          32
       39134       40548          32          32          32          32          32
       21531       20048       23453          32          32          32          32
       21531       20048       23453          32          32          32          32
       36125       22240       32654          32          32          32          32
       38597       22521          32          32          32          32          32
       32650       32650          32          32          32          32          32
       22307       20803          32          32          32          32          32
       29305       31119       33452          32          32          32          32
       31665       35013       22902       31881          32          32          32
       23436       36798       23665          32          32          32          32
       38592       24034          32          32          32          32          32
       22810       32654       28363          32          32          32          32
       21531       20048       23453          32          32          32          32
       24800       27663          32          32          32          32          32
       38597       22521          32          32          32          32          32
       24800       27663          32          32          32          32          32
       20234       21033          32          32          32          32          32
       20234       21033          32          32          32          32          32
       22810       32654       28363          32          32          32          32
       22307       20803          32          32          32          32          32
       21512       29983       20803          32          32          32          32
       29233       30591       24800          32          32          32          32
       36125       22240       32654          32          32          32          32
       22810       32654       28363          32          32          32          32
       38592       24034          32          32          32          32          32
       39134       40548          32          32          32          32          32
       36125       22240       32654          32          32          32          32
       22307       20803          32          32          32          32          32
          72         105          80          80       21916       23453          32
       21512       29983       20803          32          32          32          32
       32654       32032          32          32          32          32          32
       38597       22521          32          32          32          32          32
       21531       20048       23453          32          32          32          32
       32654       36190       33251          32          32          32          32
       39134       40548          32          32          32          32          32
       32654       36190       33251          32          32          32          32
       23436       36798       23665          32          32          32          32
       24800       27663          32          32          32          32          32
       24800       27663          32          32          32          32          32
       36125       22240       32654          32          32          32          32
       38597       22521          32          32          32          32          32
       20339       36125       33406       29305          32          32          32
       36125       22240       32654          32          32          32          32
       21512       29983       20803          32          32          32          32
       32654       36190       33251          32          32          32          32
       31665       35013       22902       31881          32          32          32
       24481       23453          32          32          32          32          32
       24800       27663          32          32          32          32          32
       22307       20803          32          32          32          32          32
       36125       22240       32654          32          32          32          32
       32654       32032          32          32          32          32          32
       27426       24681       23453          32          32          32          32
       28595       20248          32          32          32          32          32
       24800       27663          32          32          32          32          32
       22307       20803          32          32          32          32          32
       24800       27663          32          32          32          32          32
       21531       20048       23453          32          32          32          32
       38597       22521          32          32          32          32          32
       20234       21033          32          32          32          32          32
       20339       36125       33406       29305          32          32          32
       29305       31119       33452          32          32          32          32
       36745       23665          32          32          32          32          32
       38597       22521          32          32          32          32          32
       36125       22240       32654          32          32          32          32
       36125       22240       32654          32          32          32          32
       36125       22240       32654          32          32          32          32
       28595       20248          32          32          32          32          32
       22307       20803          32          32          32          32          32
       39134       40548          32          32          32          32          32
       20136       27663          32          32          32          32          32
       29233       30591       24800          32          32          32          32
       22307       20803          32          32          32          32          32
       20234       21033          32          32          32          32          32
       21531       20048       23453          32          32          32          32
       21531       20048       23453          32          32          32          32
       24800       27663          32          32          32          32          32
       38597       22763       21033          32          32          32          32
       29305       31119       33452          32          32          32          32
       21652       21703       29066          32          32          32          32
       33521       27663          32          32          32          32          32
       39134       40548          32          32          32          32          32
       24800       27663          32          32          32          32          32
       29305       31119       33452          32          32          32          32
          72         105          80          80       21916       23453          32
       20234       21033          32          32          32          32          32
       32654       32032          32          32          32          32          32
       36125       22240       32654          32          32          32          32
       26126       19968          32          32          32          32          32
       20234       21033          32          32          32          32          32
       36125       22240       32654          32          32          32          32
       36745       23665          32          32          32          32          32
       22307       20803          32          32          32          32          32
       39134       40548          32          32          32          32          32
       39134       40548          32          32          32          32          32
       32654       32032          32          32          32          32          32
       24800       27663          32          32          32          32          32
       38592       24034          32          32          32          32          32
       28595       20248          32          32          32          32          32
       39134       40548          32          32          32          32          32
       22307       20803          32          32          32          32          32
       36125       22240       32654          32          32          32          32
       20339       36125       33406       29305          32          32          32
       32654       36190       33251          32          32          32          32
       23436       36798       23665          32          32          32          32
       24800       27663          32          32          32          32          32
       21512       29983       20803          32          32          32          32
       33521       27663          32          32          32          32          32
       22307       20803          32          32          32          32          32
       32654       32032          32          32          32          32          32
       36125       22240       32654          32          32          32          32
       24800       27663          32          32          32          32          32
       23436       36798       23665          32          32          32          32
       38597       22763       21033          32          32          32          32
       38592       24034          32          32          32          32          32
       36808       39640          32          32          32          32          32
       36125       22240       32654          32          32          32          32
       38597       22763       21033          32          32          32          32
       22810       32654       28363          32          32          32          32
       38592       24034          32          32          32          32          32
       38597       22763       21033          32          32          32          32
       36125       22240       32654          32          32          32          32
       21512       29983       20803          32          32          32          32
       38597       22763       21033          32          32          32          32
       38597       22763       21033          32          32          32          32
       28595       20248          32          32          32          32          32
       24800       27663          32          32          32          32          32
       20339       36125       33406       29305          32          32          32
       24800       27663          32          32          32          32          32
       21531       20048       23453          32          32          32          32
       32654       36190       33251          32          32          32          32
       38597       22763       21033          32          32          32          32
       35834       20248       33021          32          32          32          32
       28595       20248          32          32          32          32          32
       24800       27663          32          32          32          32          32
       21512       29983       20803          32          32          32          32
       24800       27663          32          32          32          32          32
       38592       24034          32          32          32          32          32
       20234       21033          32          32          32          32          32
       29305       31119       33452          32          32          32          32
       20234       21033          32          32          32          32          32
       20234       21033          32          32          32          32          32
       20234       21033          32          32          32          32          32
       22307       20803          32          32          32          32          32
       24800       27663          32          32          32          32          32
       28595       20248          32          32          32          32          32
       20234       21033          32          32          32          32          32
       36125       22240       32654          32          32          32          32
       20234       21033          32          32          32          32          32
       38597       22521          32          32          32          32          32
       22810       32654       28363          32          32          32          32
       36125       22240       32654          32          32          32          32
       20339       36125       33406       29305          32          32          32
       36125       22240       32654          32          32          32          32
       23453       20048       28363          32          32          32          32
       20234       21033          32          32          32          32          32
       35834       20248       33021          32          32          32          32
       21512       29983       20803          32          32          32          32
       21512       29983       20803          32          32          32          32
       39134       40548          32          32          32          32          32
       21531       20048       23453          32          32          32          32
       24800       27663          32          32          32          32          32
       32654       36190       33251          32          32          32          32
       38597       22521          32          32          32          32          32
       24800       27663          32          32          32          32          32
       20234       21033          32          32          32          32          32
       32654       36190       33251          32          32          32          32
       23436       36798       23665          32          32          32          32
       39134       40548          32          32          32          32          32
       36125       22240       32654          32          32          32          32
       23436       36798       23665          32          32          32          32
       20234       21033          32          32          32          32          32
       32654       36190       33251          32          32          32          32
       20234       21033          32          32          32          32          32
       36745       23665          32          32          32          32          32
       32654       36190       33251          32          32          32          32
       24800       27663          32          32          32          32          32
       24247       32500       22810          32          32          32          32
       28595       20248          32          32          32          32          32
       24800       27663          32          32          32          32          32
       22307       20803          32          32          32          32          32
       24247       32500       22810          32          32          32          32
       35834       20248       33021          32          32          32          32
       22307       20803          32          32          32          32          32
       24800       27663          32          32          32          32          32
       32650       32650          32          32          32          32          32
       23436       36798       23665          32          32          32          32
       36125       22240       32654          32          32          32          32
       20339       36125       33406       29305          32          32          32
       21512       29983       20803          32          32          32          32
       32445       36125       28363          32          32          32          32
       27426       24681       23453          32          32          32          32
       20234       21033          32          32          32          32          32
       36125       22240       32654          32          32          32          32
       32654       36190       33251          32          32          32          32
       20234       21033          32          32          32          32          32
       20234       21033          32          32          32          32          32
       21531       20048       23453          32          32          32          32
       38597       22521          32          32          32          32          32
       22810       32654       28363          32          32          32          32
       29305       31119       33452          32          32          32          32
       26126       19968          32          32          32          32          32
       38592       24034          32          32          32          32          32
       20234       21033          32          32          32          32          32
       24481       23453          32          32          32          32          32
       20851       23665          32          32          32          32          32
       35199       35889          32          32          32          32          32
       36808       39640          32          32          32          32          32
       38592       24034          32          32          32          32          32
       32650       32650          32          32          32          32          32
       32654       32032          32          32          32          32          32
       21531       20048       23453          32          32          32          32
       24481       23453          32          32          32          32          32
       39134       40548          32          32          32          32          32
       24800       27663          32          32          32          32          32
       32654       36190       33251          32          32          32          32
       32654       36190       33251          32          32          32          32
       39134       40548          32          32          32          32          32
       39134       40548          32          32          32          32          32
       32654       36190       33251          32          32          32          32
       23436       36798       23665          32          32          32          32
       32650       32650          32          32          32          32          32
       20234       21033          32          32          32          32          32
       21512       29983       20803          32          32          32          32
       23433       28385          32          32          32          32          32
       26045       24681          32          32          32          32          32
       20851       23665          32          32          32          32          32
       21916       23433       26234          32          32          32          32
       24800       27663          32          32          32          32          32
       21512       29983       20803          32          32          32          32
       21531       20048       23453          32          32          32          32
       24800       27663          32          32          32          32          32
       32654       36190       33251          32          32          32          32
       20234       21033          32          32          32          32          32
       36745       23665          32          32          32          32          32
       36125       22240       32654          32          32          32          32
       20234       21033          32          32          32          32          32
       36125       22240       32654          32          32          32          32
       24800       27663          32          32          32          32          32
       32654       32032          32          32          32          32          32
       38592       24034          32          32          32          32          32
       38597       22521          32          32          32          32          32
       35199       35889          32          32          32          32          32
       29305       31119       33452          32          32          32          32
       36125       22240       32654          32          32          32          32
       29305       31119       33452          32          32          32          32
       39134       40548          32          32          32          32          32
       28595       20248          32          32          32          32          32
       30334       31435       20048          32          32          32          32
       38597       22521          32          32          32          32          32
       28595       20248          32          32          32          32          32
       33945       29275          32          32          32          32          32
       19977       20803          32          32          32          32          32
       21531       20048       23453          32          32          32          32
       24800       27663          32          32          32          32          32
       36125       22240       32654          32          32          32          32
       32654       32032          32          32          32          32          32
       22810       32654       28363          32          32          32          32
       36125       22240       32654          32          32          32          32
       38597       22521          32          32          32          32          32
       20276       23453       20048          32          32          32          32
       38597       22521          32          32          32          32          32
       38597       22763       21033          32          32          32          32
       32654       32032          32          32          32          32          32
       39134       40548          32          32          32          32          32
       38597       22521          32          32          32          32          32
       38597       22521          32          32          32          32          32
       32654       36190       33251          32          32          32          32
       36125       22240       32654          32          32          32          32
       38597       22763       21033          32          32          32          32
       36125       22240       32654          32          32          32          32
       36125       22240       32654          32          32          32          32
       38592       24034          32          32          32          32          32
       26126       19968          32          32          32          32          32
       30334       31435       20048          32          32          32          32
       38597       22763       21033          32          32          32          32
       38592       24034          32          32          32          32          32
       29233       36798       21147          32          32          32          32
       36125       22240       32654          32          32          32          32
       35834       20248       33021          32          32          32          32
       24800       27663          32          32          32          32          32
       38597       22521          32          32          32          32          32
       21531       20048       23453          32          32          32          32
       38597       22763       21033          32          32          32          32
       36125       22240       32654          32          32          32          32
       21512       29983       20803          32          32          32          32
       39134       40548          32          32          32          32          32
       21619       20840          32          32          32          32          32
       20136       27663          32          32          32          32          32
       24481       23453          32          32          32          32          32
       38592       24034          32          32          32          32          32
       21512       29983       20803          32          32          32          32
       36125       25289       31859          32          32          32          32
       35834       20248       33021          32          32          32          32
       32654       36190       33251          32          32          32          32
       21531       20048       23453          32          32          32          32
       23436       36798       23665          32          32          32          32
       24481       23453          32          32          32          32          32
       39134       40548          32          32          32          32          32
       26045       24681          32          32          32          32          32
       22307       20803          32          32          32          32          32
       24503       22269       22810       27604          32          32          32
       32445       36125       28363          32          32          32          32
       22902       31881          32       19977       20803          32          32
       24800       27663          32          32          32          32          32
       32445       29790       28363          32          32          32          32
       38597       30591          32          32          32          32          32
       26421       33589       20493       21487          32          32          32
       20276       23453       20048          32          32          32          32
       38597       22763       21033          32          32          32          32
       24800       27663          32          32          32          32          32
       32654       32032          32          32          32          32          32
       24800       27663          32          32          32          32          32
       22307       20803          32          32          32          32          32
       26126       19968          32          32          32          32          32
       38597       22521          32          32          32          32          32
       24481       23453          32          32          32          32          32
       20276       23453       20048          32          32          32          32
       32654       32666          32          32          32          32          32
       29233       36798       21147          32          32          32          32
       36125       22240       32654          32          32          32          32
       24800       27663          32          32          32          32          32
       22307       20803          32          32          32          32          32
       38592       24034          32          32          32          32          32
       32654       32032          32          32          32          32          32
       24481       23453          32          32          32          32          32
       22307       20803          32          32          32          32          32
       23436       36798       23665          32          32          32          32
       38597       22521          32          32          32          32          32
       35834       20248       33021          32          32          32          32
       23588       29233       20493       29305          32          32          32
       33521       27663          32          32          32          32          32
       19977       20803          32          32          32          32          32
       36125       22240       32654          32          32          32          32
       32032       21152       22902       31881          32          32          32
       38597       22521          32          32          32          32          32
       28595       20248          32          32          32          32          32
       20234       21033          32          32          32          32          32
       36125       25289       31859          32          32          32          32
       20234       21033          32          32          32          32          32
       24800       27663          32          32          32          32          32
       38592       24034          32          32          32          32          32
       20234       21033          32          32          32          32          32
       24247       32500       22810          32          32          32          32
       32654       21487       39640       29305          32          32          32
       38597       22521          32          32          32          32          32
       38592       24034          32          32          32          32          32
       32654       36190       33251          32          32          32          32
       36125       22240       32654          32          32          32          32
       38597       22521          32          32          32          32          32
       24800       27663          32          32          32          32          32
       23436       36798       23665          32          32          32          32
       32654       36190       33251          32          32          32          32
       35199       35889          32          32          32          32          32
       33945       29275          32          32          32          32          32
       36808       39640          32          32          32          32          32
       21652       21703       29066          32          32          32          32
       32650       32650          32          32          32          32          32
       38597       22763       21033          32          32          32          32
       21512       29983       20803          32          32          32          32
       29233       23156       23453       31168          32          32          32
       22810       32654       28363          32          32          32          32
       24800       27663          32          32          32          32          32
       35834       20248       33021          32          32          32          32
       28595       20248          32          32          32          32          32
       20234       21033          32          32          32          32          32
       23436       36798       23665          32          32          32          32
       21512       29983       20803          32          32          32          32
       38592       24034          32          32          32          32          32
       26126       19968          32          32          32          32          32
       22826       23376       20048          32          32          32          32
       21652       21703       29066          32          32          32          32
       20234       21033          32          32          32          32          32
       24800       27663          32          32          32          32          32
       36125       22240       32654          32          32          32          32
       21512       29983       20803          32          32          32          32
       24800       27663          32          32          32          32          32
       24800       27663          32          32          32          32          32
       37329       20856          32          32          32          32          32
       32650       32650          32          32          32          32          32
       20234       21033          32          32          32          32          32
       20276       23453       20048          32          32          32          32
       24503       22269       22810       27604          32          32          32
       26421       33589       20493       21487          32          32          32
       22810       32654       28363          32          32          32          32
       22810       32654       28363          32          32          32          32
       38592       24034          32          32          32          32          32
       32654       36190       33251          32          32          32          32
       39134       40548          32          32          32          32          32
       22810       32654       28363          32          32          32          32
       20234       21033          32          32          32          32          32
       20851       23665          32          32          32          32          32
       33521       27663          32          32          32          32          32
       20234       21033          32          32          32          32          32
       21531       20048       23453          32          32          32          32
       28595       20181       21345       29275          32          32          32
       20234       21033          32          32          32          32          32
       38597       22521          32          32          32          32          32
       23436       36798       23665          32          32          32          32
       38597       22763       21033          32          32          32          32
       38597       22763       21033          32          32          32          32
       24800       27663          32          32          32          32          32
       22810       32654       28363          32          32          32          32
       22810       32654       28363          32          32          32          32
       24800       27663          32          32          32          32          32
       36125       22240       32654          32          32          32          32
       28595       20248          32          32          32          32          32
       22810       32654       28363          32          32          32          32
       38592       24034          32          32          32          32          32
       32650       32650          32          32          32          32          32
       24481       23453          32          32          32          32          32
       26126       19968          32          32          32          32          32
       24800       27663          32          32          32          32          32
       23436       36798       23665          32          32          32          32
       38597       22521          32          32          32          32          32
       39134       40548          32          32          32          32          32
       21512       29983       20803          32          32          32          32
       23436       36798       23665          32          32          32          32
       38592       24034          32          32          32          32          32
       23436       36798       23665          32          32          32          32
       20234       21033          32          32          32          32          32
       24800       27663          32          32          32          32          32
       32654       36190       33251          32          32          32          32
       38592       24034          32          32          32          32          32
       22810       32654       28363          32          32          32          32
       20048       22825       22823       36149       26063          32          32
       38597       22521          32          32          32          32          32
       36125       22240       32654          32          32          32          32
       26126       19968          32          32          32          32          32
       21512       29983       20803          32          32          32          32
       39134       40548          32          32          32          32          32
       36125       22240       32654          32          32          32          32
       23436       36798       23665          32          32          32          32
       32654       32032          32          32          32          32          32
       24800       27663          32          32          32          32          32
       24481       23453          32          32          32          32          32
       32654       24247       21916          32          32          32          32
          72         117         109          97         110          97          32
       24800       27663          32          32          32          32          32
       24800       27663          32          32          32          32          32
       32654       32032          32          32          32          32          32
       19977       20803          32          32          32          32          32
       38597       22521          32          32          32          32          32
       35199       35889          32          32          32          32          32
       24800       27663          32          32          32          32          32
       36808       39640          32          32          32          32          32
       36125       22240       32654          32          32          32          32
       38597       22521          32          32          32          32          32
       32654       36190       33251          32          32          32          32
       38597       22763       21033          32          32          32          32
       23436       36798       23665          32          32          32          32
       32654       36190       33251          32          32          32          32
       32654       32032          32          32          32          32          32
       32654       36190       33251          32          32          32          32
       24800       27663          32          32          32          32          32
       39134       40548          32          32          32          32          32
       24800       27663          32          32          32          32          32
       36125       22240       32654          32          32          32          32
       26126       19968          32          32          32          32          32
       21345       27931       22612       22958          32          32          32
       39764       22920          32          32          32          32          32
       38597       22521          32          32          32          32          32
       37329       36125          32          32          32          32          32
       24800       27663          32          32          32          32          32
       32654       36190       33251          32          32          32          32
       24800       27663          32          32          32          32          32
       39134       40548          32          32          32          32          32
       28595       20248          32          32          32          32          32
       32654       36190       33251          32          32          32          32
       36125       22240       32654          32          32          32          32
       32654       36190       33251          32          32          32          32
       20234       21033          32          32          32          32          32
       32650       32650          32          32          32          32          32
       24481       23453          32          32          32          32          32
       21916       23433       26234          32          32          32          32
       32654       36190       33251          32          32          32          32
       20234       21033          32          32          32          32          32
       23436       36798       23665          32          32          32          32
       26126       19968          32          32          32          32          32
       20234       21033          32          32          32          32          32
       30334       31435       20048          32          32          32          32
       32654       36190       33251          32          32          32          32
       21531       20048       23453          32          32          32          32
       38597       22763       21033          32          32          32          32
       32654       36190       33251          32          32          32          32
       36125       22240       32654          32          32          32          32
       38592       24034          32          32          32          32          32
       29275       22902       23458          32          32          32          32
       39640       21407       20043       23453          32          32          32
       24800       27663          32          32          32          32          32
       32654       36190       33251          32          32          32          32
       38592       24034          32          32          32          32          32
       26126       19968          32          32          32          32          32
       21619       20840          32          32          32          32          32
       26045       24681          32          32          32          32          32
       22810       32654       28363          32          32          32          32
       22307       20803          32          32          32          32          32
       21619       20840          32          32          32          32          32
       20234       21033          32          32          32          32          32
       38592       24034          32          32          32          32          32
       20154       20043       21021          32          32          32          32
       32654       36190       33251          32          32          32          32
       23436       36798       23665          32          32          32          32
       20234       21033          32          32          32          32          32
       20234       21033          32          32          32          32          32
       24800       27663          32          32          32          32          32
       36125       22240       32654          32          32          32          32
       36125       22240       32654          32          32          32          32
       24800       27663          32          32          32          32          32
       29233       36798       21147          32          32          32          32
       21512       29983       20803          32          32          32          32
          72         111         108         108         101          32          32
       24800       27663          32          32          32          32          32
       38597       22521          32          32          32          32          32
       32654       36190       33251          32          32          32          32
       36125       22240       32654          32          32          32          32
       38597       22521          32          32          32          32          32
       21531       20048       23453          32          32          32          32
       23436       36798       23665          32          32          32          32
       39134       40548          32          32          32          32          32
       38597       22521          32          32          32          32          32
       20234       21033          32          32          32          32          32
       36745       23665          32          32          32          32          32
       19977       20803          32          32          32          32          32
       19977       20803          32          32          32          32          32
       32650       32650          32          32          32          32          32
       21916       23433       26234          32          32          32          32
       36125       22240       32654          32          32          32          32
       22810       32654       28363          32          32          32          32
       32654       36190       33251          32          32          32          32
       24481       23453          32          32          32          32          32
       20276       23453       20048          32          32          32          32
       39134       40548          32          32          32          32          32
       38597       22521          32          32          32          32          32
       29233       33021       29305          32          32          32          32
       36125       22240       32654          32          32          32          32
       19977       20803          32          32          32          32          32
       36125       22240       32654          32          32          32          32
       23436       36798       23665          32          32          32          32
       24800       27663          32          32          32          32          32
       24800       27663          32          32          32          32          32
       32654       32032          32          32          32          32          32
       30334       31435       20048          32          32          32          32
       20234       21033          32          32          32          32          32
       36125       22240       32654          32          32          32          32
       21531       20048       23453          32          32          32          32
       32654       36190       33251          32          32          32          32
       20234       21033          32          32          32          32          32
       26126       19968          32          32          32          32          32
       24800       27663          32          32          32          32          32
       30334       31435       20048          32          32          32          32
       36125       22240       32654          32          32          32          32
       38592       24034          32          32          32          32          32
       29275       22902       23458          32          32          32          32
       22307       20803          32          32          32          32          32
       38597       30591          32          32          32          32          32
       32654       36190       33251          32          32          32          32
       36745       23665          32          32          32          32          32
       36125       22240       32654          32          32          32          32
       27426       24681       23453          32          32          32          32
       29233       29790       22025          32          32          32          32
       26126       19968          32          32          32          32          32
       24800       27663          32          32          32          32          32
       20234       21033          32          32          32          32          32
       36125       22240       32654          32          32          32          32
       32445       36125       28363          32          32          32          32
       36125       22240       32654          32          32          32          32
       38597       22521          32          32          32          32          32
       33713       37027       29634          32          32          32          32
       22810       32654       28363          32          32          32          32
       24481       23453          32          32          32          32          32
       36125       25289       31859          32          32          32          32
       33945       29275          32          32          32          32          32
       36125       22240       32654          32          32          32          32
       24800       27663          32          32          32          32          32
       21619       20840          32          32          32          32          32
       24481       23453          32          32          32          32          32
       32445       36125       28363          32          32          32          32
       26045       24681          32          32          32          32          32
       23433       28385          32          32          32          32          32
       24800       27663          32          32          32          32          32
       33945       29275          32          32          32          32          32
       38597       22521          32          32          32          32          32
       23436       36798       23665          32          32          32          32
       38597       22521          32          32          32          32          32
       36745       23665          32          32          32          32          32
       38597       22521          32          32          32          32          32
       22810       32654       28363          32          32          32          32
       36125       22240       32654          32          32          32          32
       20234       21033          32          32          32          32          32
       29233       36798       21147          32          32          32          32
       36125       22240       32654          32          32          32          32
       36125       22240       32654          32          32          32          32
       32654       32032          32          32          32          32          32
       24481       23453          32          32          32          32          32
       36125       22240       32654          32          32          32          32
       32654       32666          32          32          32          32          32
       39764       22920          32          32          32          32          32
       24800       27663          32          32          32          32          32
       38592       24034          32          32          32          32          32
       24800       27663          32          32          32          32          32
       39134       40548          32          32          32          32          32
       32445       36125       28363          32          32          32          32
       20048       21338       32500          32          32          32          32
       20234       21033          32          32          32          32          32
       24800       27663          32          32          32          32          32
       32654       36190       33251          32          32          32          32
       28595       20248          32          32          32          32          32
       38597       22521          32          32          32          32          32
       36125       22240       32654          32          32          32          32
       24800       27663          32          32          32          32          32
       19977       20803          32          32          32          32          32
       38597       22763       21033          32          32          32          32
       22810       32654       28363          32          32          32          32
       38597       22521          32          32          32          32          32
       22307       20803          32          32          32          32          32
       20234       21033          32          32          32          32          32
       24247       23453       29790          32          32          32          32
       20276       23453       20048          32          32          32          32
       24481       23453          32          32          32          32          32
       21531       20048       23453          32          32          32          32
       32650       32650          32          32          32          32          32
       24481       23453          32          32          32          32          32
       36808       39640          32          32          32          32          32
       20234       21033          32          32          32          32          32
       26234       20896          32          32          32          32          32
       24247       32500       22810          32          32          32          32
       20234       21033          32          32          32          32          32
       20234       21033          32          32          32          32          32
       39134       40548          32          32          32          32          32
       23436       36798       23665          32          32          32          32
       23436       36798       23665          32          32          32          32
       32654       36190       33251          32          32          32          32
       20234       21033          32          32          32          32          32
       28023       26222       35834       20975          32          32          32
       20234       21033          32          32          32          32          32
       38451       20809       23453       23453          32          32          32
       38597       22521          32          32          32          32          32
       32654       32032          32          32          32          32          32
       20234       21033          32          32          32          32          32
       32654       36190       33251          32          32          32          32
       32654       32032          32          32          32          32          32
       38592       24034          32          32          32          32          32
       22307       20803          32          32          32          32          32
       26126       19968          32          32          32          32          32
       29233       36798       21147          32          32          32          32
       24503       38706       28363          32          32          32          32
       27426       24681       23453          32          32          32          32
       38597       22982          32          32          32          32          32
       20851       23665          32          32          32          32          32
       32650       32650          32          32          32          32          32
       21531       20048       23453          32          32          32          32
       20048       21338       32500          32          32          32          32
       20234       21033          32          32          32          32          32
       26126       19968          32          32          32          32          32
       38597       22763       21033          32          32          32          32
       24800       27663          32          32          32          32          32
       21531       20048       23453          32          32          32          32
       36125       22240       32654          32          32          32          32
       21619       20840          32          32          32          32          32
       24481       23453          32          32          32          32          32
       36125       22240       32654          32          32          32          32
       24800       27663          32          32          32          32          32
       24800       27663          32          32          32          32          32
       29233       30591       24800          32          32          32          32
       32654       36190       33251          32          32          32          32
       19977       20803          32          32          32          32          32
       24800       27663          32          32          32          32          32
       32445       36125       20848       26421          32          32          32
       38597       22521          32          32          32          32          32
       28595       20248          32          32          32          32          32
       32654       36190       33251          32          32          32          32
       32654       36190       33251          32          32          32          32
       20234       21033          32          32          32          32          32
       20234       21033          32          32          32          32          32
       38597       22521          32          32          32          32          32
       32654       36190       33251          32          32          32          32
       20851       23665          32          32          32          32          32
       38597       22521          32          32          32          32          32
       21531       20048       23453          32          32          32          32
       20851       23665          32          32          32          32          32
       36125       22240       32654          32          32          32          32
       36125       22240       32654          32          32          32          32
       24800       27663          32          32          32          32          32
       21531       20048       23453          32          32          32          32
       33268       30591          32          32          32          32          32
       36125       22240       32654          32          32          32          32
       20154       20043       21021          32          32          32          32
       20234       21033          32          32          32          32          32
       36125       22240       32654          32          32          32          32
       38592       24034          32          32          32          32          32
       24800       27663          32          32          32          32          32
       20234       21033          32          32          32          32          32
       33945       29275          32          32          32          32          32
       39134       40548          32          32          32          32          32
       22810       32654       28363          32          32          32          32
       38597       22521          32          32          32          32          32
       32654       36190       33251          32          32          32          32
       32654       32032          32          32          32          32          32
       23436       36798       23665          32          32          32          32
       32445       29790       28363          32          32          32          32
       20136       27663          32          32          32          32          32
       24481       23453          32          32          32          32          32
       39134       40548          32          32          32          32          32
       20234       21033          32          32          32          32          32
       29233       33021       29305          32          32          32          32
       23436       36798       23665          32          32          32          32
       23436       36798       23665          32          32          32          32
       39134       40548          32          32          32          32          32
       32650       32650          32          32          32          32          32
       20154       20043       21021          32          32          32          32
       39640       21407       20043       23453          32          32          32
       38597       22521          32          32          32          32          32
       32654       32666          32          32          32          32          32
       36125       22240       32654          32          32          32          32
       36125       22240       32654          32          32          32          32
       20339       36125       33406       29305          32          32          32
       29233       30591       24800          32          32          32          32
       39134       40548          32          32          32          32          32
       24503       38706       28363          32          32          32          32
       36125       22240       32654          32          32          32          32
       20234       21033          32          32          32          32          32
       36125       22240       32654          32          32          32          32
       39134       40548          32          32          32          32          32
       38592       24034          32          32          32          32          32
       32654       36190       33251          32          32          32          32
       38592       24034          32          32          32          32          32
       24800       27663          32          32          32          32          32
       39134       40548          32          32          32          32          32
       30410       29983       20803          32          32          32          32
       38592       24034          32          32          32          32          32
       38597       22763       21033          32          32          32          32
       24481       23453          32          32          32          32          32
       23588       29233       20493       29305          32          32          32
       38592       24034          32          32          32          32          32
       21512       29983       20803          32          32          32          32
       38597       22521          32          32          32          32          32
          65         114         108          97       22902       31881          32
       23436       36798       23665          32          32          32          32
       32654       32032          32          32          32          32          32
       32654       36190       33251          32          32          32          32
       21512       29983       20803          32          32          32          32
       32654       32032          32          32          32          32          32
       21619       20840          32          32          32          32          32
       38592       24034          32          32          32          32          32
       26126       19968          32          32          32          32          32
       23436       36798       23665          32          32          32          32
       33457       22253          32       40644       37329       29287       22330
       38592       24034          32          32          32          32          32
       38597       22521          32          32          32          32          32
       38597       22521          32          32          32          32          32
       21619       20840          32          32          32          32          32
       32445       36125       28363          32          32          32          32
       32650       32650          32          32          32          32          32
       20276       23453       20048          32          32          32          32
       24800       27663          32          32          32          32          32
       22307       20803          32          32          32          32          32
       36125       22240       32654          32          32          32          32
       20234       21033          32          32          32          32          32
       20234       21033          32          32          32          32          32
       38592       24034          32          32          32          32          32
       36745       23665          32          32          32          32          32
       20234       21033          32          32          32          32          32
       24481       23453          32          32          32          32          32
       35834       20248       33021          32          32          32          32
       26126       19968          32          32          32          32          32
       20234       21033          32          32          32          32          32
       39134       40548          32          32          32          32          32
       26126       19968          32          32          32          32          32
       32654       21487       39640       29305          32          32          32
       32445       36125       20848       26421          32          32          32
       32654       32666          32          32          32          32          32
       23436       36798       23665          32          32          32          32
       21531       20048       23453          32          32          32          32