100 500 
41 54
99 5
4 86
47 4
27 64
64 28
66 57
19 96
36 98
83 5
36 84
73 22
18 42
57 9
21 18
80 92
61 14
79 51
63 33
32 1
93 6
80 5
90 30
50 51
75 58
68 5
8 28
7 17
28 14
26 100
63 11
83 9
96 80
96 30
26 28
75 61
68 7
28 87
34 43
65 10
64 1
60 40
64 8
63 42
67 66
38 18
35 14
60 75
5 86
79 90
12 40
31 11
29 24
49 30
29 89
96 29
14 47
39 50
73 50
47 27
25 44
67 25
74 6
6 4
7 47
17 48
11 16
17 29
55 77
9 48
73 41
92 4
18 37
12 35
17 35
71 80
15 47
49 100
36 8
10 78
20 61
26 49
30 86
90 58
14 50
54 93
24 73
87 16
92 19
34 28
70 57
23 90
3 81
70 86
7 6
54 31
19 29
43 16
22 60
52 18
53 83
7 21
19 55
59 42
70 50
98 29
53 57
70 87
20 33
35 43
37 17
18 4
60 59
17 41
71 47
42 97
13 56
99 50
91 85
60 92
90 32
68 56
98 30
53 45
53 71
17 2
39 41
17 70
69 71
34 90
86 92
66 3
36 47
20 31
45 33
98 93
31 84
62 17
100 43
18 81
100 1
71 68
65 41
3 77
56 96
98 23
99 31
96 86
10 67
82 96
75 80
66 30
58 74
45 79
90 35
6 53
2 52
22 38
71 30
71 79
1 15
57 77
74 89
16 5
42 91
36 32
65 90
89 14
15 2
95 24
67 44
14 43
64 48
92 84
47 68
28 1
95 76
84 47
88 72
59 29
92 65
60 94
42 36
25 43
88 36
14 67
68 25
11 15
47 49
9 68
20 74
92 22
6 87
69 25
22 8
95 53
71 24
99 12
34 37
28 62
46 81
74 19
76 78
64 80
91 73
90 64
11 53
98 57
17 25
61 31
43 77
77 22
12 100
43 51
21 10
10 33
51 91
33 53
67 9
9 52
92 27
2 30
16 34
92 56
73 34
72 12
20 77
84 37
37 93
85 58
84 20
96 73
35 86
16 33
65 32
39 1
56 39
52 70
73 54
54 91
5 87
63 16
41 8
9 45
39 31
68 53
93 97
77 94
73 58
69 87
3 43
72 21
94 37
78 48
11 76
53 28
47 10
98 79
47 76
38 10
5 8
15 69
67 54
64 79
45 76
5 67
90 15
50 28
78 90
46 29
94 69
68 77
25 62
93 34
90 55
26 21
40 14
50 23
24 27
52 92
67 72
68 76
59 11
53 26
100 9
18 80
66 38
35 94
54 17
4 90
24 26
92 94
51 63
60 46
12 62
32 26
31 4
37 86
5 15
32 67
84 15
24 39
80 36
88 63
24 74
23 86
89 68
81 87
78 3
2 18
29 45
81 68
39 22
26 34
68 85
17 34
37 67
88 48
81 82
21 35
75 39
58 9
14 66
55 85
15 34
53 14
4 7
67 46
62 21
74 39
53 5
58 93
16 21
67 2
98 31
77 21
70 2
70 64
58 29
71 92
60 18
10 13
48 75
14 13
57 61
2 7
90 76
79 3
12 7
90 63
20 5
46 74
86 66
6 88
44 54
25 52
4 78
95 67
69 82
97 45
44 8
60 74
40 48
80 17
25 74
31 12
26 30
24 49
5 24
26 22
74 48
54 33
73 83
97 52
28 58
6 86
95 75
4 53
88 38
77 36
60 84
74 62
19 64
1 8
30 56
35 83
90 2
12 14
39 30
96 21
31 92
93 46
96 94
68 35
7 5
67 69
49 64
30 51
52 51
36 76
2 71
69 18
40 100
80 45
66 62
7 1
25 27
56 36
41 90
64 72
3 67
2 60
53 89
28 57
57 74
27 75
74 12
76 5
80 38
33 12
43 94
9 3
64 37
98 27
10 22
17 5
73 40
22 54
55 68
84 16
33 9
19 46
22 1
24 44
40 22
90 31
96 69
70 12
54 55
80 60
93 5
21 53
89 21
68 59
91 60
96 36
64 32
40 95
46 96
96 15
50 88
31 56
4 99
76 9
19 32
4 30
81 15
20 11
60 3
32 49
29 52
24 8
12 80
11 66
4 98
83 24
1 96
74 72
87 88
64 5
32 54
57 85
69 52
81 98
75 85
32 58
71 90
42 24
53 7
32 4
99 95
60 23
89 9
58 39
53 98
75 65
72 1
23 70
94 10
70 47
55 75
25 12
84 12
41 23
41 36
40 4
32 41
22 42
90 53
62 1
