20 100 
2 3
12 6
4 10
10 8
14 9
7 18
3 8
9 17
13 19
8 2
7 14
19 12
4 9
20 2
12 13
11 13
16 5
9 18
11 5
20 14
6 10
11 9
17 12
8 16
9 3
10 7
4 19
8 13
17 3
14 18
18 6
17 19
14 8
5 20
13 10
13 6
7 15
1 5
4 12
15 8
2 9
7 5
3 16
11 16
20 10
10 14
20 16
7 1
16 14
1 20
3 6
19 16
18 5
18 11
11 3
10 3
18 4
5 6
10 2
7 2
19 11
17 15
14 3
7 11
4 15
15 12
13 18
10 15
16 9
14 6
7 19
17 8
9 10
2 19
3 1
6 15
4 13
13 5
1 13
14 17
15 16
15 18
14 12
7 13
14 1
1 18
8 5
17 16
12 8
19 10
13 15
9 20
12 9
2 11
17 4
7 17
9 5
7 3
7 4
11 12
